# test_num event_idx label time_ps sample ch0 ch1 ch2 ch3
0 182 0 9304 0 2010 2018 2023 2064
0 182 0 9304 1 1993 2068 2051 1937
0 182 0 9304 2 2113 1990 2113 2054
0 182 0 9304 3 2094 2022 1980 2054
0 182 0 9304 4 2025 2100 1961 2004
0 182 0 9304 5 2011 2038 2097 2145
0 182 0 9304 6 1985 2019 2154 2024
0 182 0 9304 7 2097 2056 1962 2031
0 182 0 9304 8 2032 2034 1995 2000
0 182 0 9304 9 2042 2029 2042 2081
0 182 0 9304 10 2116 2103 2155 2075
0 182 0 9304 11 1975 2009 1947 1989
0 182 0 9304 12 2053 2035 2054 2012
0 182 0 9304 13 2016 1996 2118 2138
0 182 0 9304 14 2080 2081 1987 1966
0 182 0 9304 15 2012 2134 2030 2031
0 182 0 9320 16 2071 2008 1980 2174
0 182 0 9320 17 2086 1942 2153 2037
0 182 0 9320 18 2001 2086 2073 1876
0 182 0 9320 19 2008 2077 1934 2125
0 182 0 9320 20 2078 2075 2062 2129
0 182 0 9320 21 2048 2025 2041 1911
0 182 0 9320 22 2001 1964 2114 2072
0 182 0 9320 23 2084 2118 1985 2124
0 182 0 9320 24 2026 2022 2054 1975
0 182 0 9320 25 2016 2068 2051 2049
0 182 0 9320 26 2086 2042 2036 2097
0 182 0 9320 27 2098 2024 2020 1997
0 182 0 9320 28 1955 2128 2038 2043
0 182 0 9320 29 1987 1943 2093 2036
0 182 0 9320 30 2141 1981 2041 2071
0 182 0 9320 31 1999 2188 2010 2053
0 182 0 9336 32 2082 2014 2091 1971
0 182 0 9336 33 2088 1958 1975 2042
0 182 0 9336 34 1899 2119 2027 2120
0 182 0 9336 35 2114 2110 2124 2065
0 182 0 9336 36 2097 1897 2061 2037
0 182 0 9336 37 2008 2072 1988 1954
0 182 0 9336 38 2116 2100 2031 2074
0 182 0 9336 39 1941 2064 2043 2037
0 182 0 9336 40 1978 1974 2075 2063
0 182 0 9336 41 2136 2047 2023 2063
0 182 0 9336 42 2038 2066 2061 2022
0 182 0 9336 43 2118 2051 2043 2058
0 182 0 9336 44 2004 2034 2089 1961
0 182 0 9336 45 2036 2087 1947 2127
0 182 0 9336 46 1992 2008 2032 2035
0 182 0 9336 47 1995 1991 2122 2025
0 182 0 9352 48 2131 2098 2081 2054
0 182 0 9352 49 2065 2017 1989 2020
0 182 0 9352 50 2008 2105 1929 2051
0 182 0 9352 51 2069 2045 2234 2074
0 182 0 9352 52 2064 1944 1907 2043
0 182 0 9352 53 1969 2059 2106 2032
0 182 0 9352 54 1988 2101 2071 2043
0 182 0 9352 55 2179 1993 1918 2094
0 182 0 9352 56 2094 2122 2115 1898
0 182 0 9352 57 1953 2008 2024 2126
0 182 0 9352 58 2008 2059 2095 2110
0 182 0 9352 59 2074 2045 2078 2044
0 182 0 9352 60 1972 1975 1931 1958
0 182 0 9352 61 2156 2047 2045 1954
0 182 0 9352 62 2069 2086 2081 2292
0 182 0 9352 63 1941 2044 2074 1972
0 182 0 9368 64 2057 2030 2012 1912
0 182 0 9368 65 2133 2067 1998 2090
0 182 0 9368 66 1918 2076 2162 2099
0 182 0 9368 67 2128 1910 1898 2045
0 182 0 9368 68 2114 2149 2135 2018
0 182 0 9368 69 1912 2086 2181 2085
0 182 0 9368 70 1984 1935 1855 2020
0 182 0 9368 71 2177 2100 1935 2021
0 182 0 9368 72 2115 2031 2163 2053
0 182 0 9368 73 1959 2044 2135 1999
0 182 0 9368 74 1895 2082 2052 2185
0 182 0 9368 75 2161 2073 1975 2005
0 182 0 9368 76 2145 1927 1994 1966
0 182 0 9368 77 1975 2060 2060 2038
0 182 0 9368 78 2018 2118 2047 2117
0 182 0 9368 79 1980 2033 2065 2038
0 182 0 9384 80 2076 2027 2100 1992
0 182 0 9384 81 2115 2029 1991 2023
0 182 0 9384 82 2048 2068 2038 2064
0 182 0 9384 83 1998 2020 2058 2153
0 182 0 9384 84 2019 2041 1988 2011
0 182 0 9384 85 2104 2031 2073 1948
0 182 0 9384 86 1993 2153 2061 2079
0 182 0 9384 87 2059 1963 2114 2005
0 182 0 9384 88 2017 1981 2021 2037
0 182 0 9384 89 2094 2043 1876 2156
0 182 0 9384 90 2093 2146 2110 2017
0 182 0 9384 91 1968 2090 2086 1985
0 182 0 9384 92 2007 1939 2070 2048
0 182 0 9384 93 2027 2021 2095 2105
0 182 0 9384 94 2094 2081 1912 1953
0 182 0 9384 95 2137 2075 2071 2018
0 182 0 9400 96 1975 2038 2018 2172
0 182 0 9400 97 2037 2003 2149 2045
0 182 0 9400 98 2021 2024 2076 1991
0 182 0 9400 99 2017 2156 1877 2029
0 182 0 9400 100 2094 1962 2066 1920
0 182 0 9400 101 2060 2069 2079 2184
0 182 0 9400 102 1982 2042 2075 2130
0 182 0 9400 103 2078 1974 2047 1937
0 182 0 9400 104 2082 2146 2034 2087
0 182 0 9400 105 1942 1964 2046 1977
0 182 0 9400 106 2145 2112 1988 2082
0 182 0 9400 107 1969 1993 2089 2016
0 182 0 9400 108 2094 2055 2052 2052
0 182 0 9400 109 2094 2045 2026 2027
0 182 0 9400 110 1974 2106 2019 2100
0 182 0 9400 111 1991 1934 2103 2037
0 182 0 9416 112 2127 2049 2036 2007
0 182 0 9416 113 1966 2060 1964 2101
0 182 0 9416 114 2096 2137 2061 1994
0 182 0 9416 115 2124 1974 2087 1967
0 182 0 9416 116 1988 1940 2053 2198
0 182 0 9416 117 2007 2207 2078 1965
0 182 0 9416 118 2004 1963 2020 2025
0 182 0 9416 119 2039 2066 1933 2053
0 182 0 9416 120 2106 2011 2084 2107
0 182 0 9416 121 2068 2066 2055 2013
0 182 0 9416 122 2000 2039 2082 2002
0 182 0 9416 123 1981 2016 2127 2075
0 182 0 9416 124 2242 2118 1933 1991
0 182 0 9416 125 1874 2054 1972 2122
0 182 0 9416 126 2033 1938 2050 2043
0 182 0 9416 127 2131 2118 2121 2064
0 182 0 9432 128 2005 2003 2141 1994
0 182 0 9432 129 2048 2015 1971 1968
0 182 0 9432 130 2019 2116 1936 2133
0 182 0 9432 131 2039 2049 2099 2040
0 182 0 9432 132 2059 1981 2102 2035
0 182 0 9432 133 2110 2001 2005 2017
0 182 0 9432 134 2024 2178 2041 2080
0 182 0 9432 135 1998 2056 2078 2041
0 182 0 9432 136 1993 2024 2012 2015
0 182 0 9432 137 2036 1910 2055 2131
0 182 0 9432 138 2149 2036 1969 1950
0 182 0 9432 139 2083 2206 2152 2043
0 182 0 9432 140 1918 1986 2016 2033
0 182 0 9432 141 2042 2087 2051 2081
0 182 0 9432 142 2026 1992 1973 2079
0 182 0 9432 143 2179 2032 2095 2059
0 182 0 9448 144 2030 2055 2062 1974
0 182 0 9448 145 1892 1995 2001 1984
0 182 0 9448 146 2190 2103 2047 2133
0 182 0 9448 147 1896 2106 2047 2041
0 182 0 9448 148 2171 1996 2077 2038
0 182 0 9448 149 2039 2043 2023 2049
0 182 0 9448 150 2011 1990 2063 2034
0 182 0 9448 151 2052 2033 2020 1988
0 182 0 9448 152 2036 2135 2086 2067
0 182 0 9448 153 2030 2013 1969 2103
0 182 0 9448 154 2037 2097 2025 2096
0 182 0 9448 155 2086 1968 2133 1878
0 182 0 9448 156 2034 2013 2066 2075
0 182 0 9448 157 2016 2116 2012 2109
0 182 0 9448 158 2011 2068 1967 2026
0 182 0 9448 159 2138 2039 2067 2022
0 182 0 9464 160 2008 2004 2114 2089
0 182 0 9464 161 1921 1927 2012 2023
0 182 0 9464 162 2201 2187 2028 1996
0 182 0 9464 163 2016 2120 2061 2093
0 182 0 9464 164 2035 1992 2036 1985
0 182 0 9464 165 2012 2006 2031 2143
0 182 0 9464 166 1941 1924 2081 2044
0 182 0 9464 167 2209 2142 2036 1961
0 182 0 9464 168 2037 2113 2035 2048
0 182 0 9464 169 2000 2001 2047 2044
0 182 0 9464 170 2029 1973 1954 2042
0 182 0 9464 171 1989 2159 2176 2118
0 182 0 9464 172 2123 2008 1996 2048
0 182 0 9464 173 2029 2008 2063 1964
0 182 0 9464 174 2071 2013 2051 2105
0 182 0 9464 175 2028 2050 1917 1994
0 182 0 9480 176 1989 2094 2146 2026
0 182 0 9480 177 2083 2018 2100 2044
0 182 0 9480 178 2073 2130 2037 2155
0 182 0 9480 179 2007 1977 1914 2024
0 182 0 9480 180 2062 1994 2067 1991
0 182 0 9480 181 2073 2119 2151 2019
0 182 0 9480 182 1985 2016 2062 2074
0 182 0 9480 183 2057 2014 1915 2057
0 182 0 9480 184 2056 2052 2123 1983
0 182 0 9480 185 2067 2112 1990 2103
0 182 0 9480 186 2016 2045 2011 2087
0 182 0 9480 187 2034 1985 2228 2028
0 182 0 9480 188 2089 2030 1950 1937
0 182 0 9480 189 1991 2023 1943 2079
0 182 0 9480 190 2015 2073 2145 2088
0 182 0 9480 191 2101 2127 2029 1993
0 182 0 9496 192 2061 1996 2032 2129
0 182 0 9496 193 2022 1985 1995 2044
0 182 0 9496 194 2066 2035 2081 1925
0 182 0 9496 195 1993 2079 2161 2079
0 182 0 9496 196 2071 2118 1935 2073
0 182 0 9496 197 2000 2014 2024 2093
0 182 0 9496 198 2111 1942 2119 2035
0 182 0 9496 199 2008 2100 1924 2030
0 182 0 9496 200 2079 2108 2120 1936
0 182 0 9496 201 2028 1951 2013 2132
0 182 0 9496 202 2010 2103 2092 2061
0 182 0 9496 203 2075 2032 2054 2059
0 182 0 9496 204 2031 2037 1953 2058
0 182 0 9496 205 2053 2012 2056 1930
0 182 0 9496 206 2082 2091 2138 2028
0 182 0 9496 207 2042 2007 1972 2193
0 182 0 9512 208 2010 2075 1982 1982
0 182 0 9512 209 1979 2039 2151 2021
0 182 0 9512 210 2058 1940 2021 2060
0 182 0 9512 211 2128 2200 2017 2019
0 182 0 9512 212 1966 1979 2021 2085
0 182 0 9512 213 2139 2026 2092 2021
0 182 0 9512 214 1966 2066 2075 2031
0 182 0 9512 215 2012 2000 1979 2058
0 182 0 9512 216 2079 2068 1998 2023
0 182 0 9512 217 2023 2116 2032 2021
0 182 0 9512 218 2109 1984 2162 2106
0 182 0 9512 219 2059 1988 2049 2042
0 182 0 9512 220 1952 2114 1990 2070
0 182 0 9512 221 2007 1978 2021 1983
0 182 0 9512 222 2056 2075 2031 2010
0 182 0 9512 223 2226 2061 2101 2043
0 182 0 9528 224 1955 2046 2046 2121
0 182 0 9528 225 1950 2079 2000 2015
0 182 0 9528 226 2132 1996 2055 2061
0 182 0 9528 227 1916 1967 2085 1991
0 182 0 9528 228 2164 2089 2006 2025
0 182 0 9528 229 2045 2061 2010 2126
0 182 0 9528 230 1985 2098 2078 2085
0 182 0 9528 231 2088 1957 2042 1961
0 182 0 9528 232 2059 2042 2097 2002
0 182 0 9528 233 1999 2144 2079 2090
0 182 0 9528 234 1987 2041 1889 1951
0 182 0 9528 235 2123 1896 2109 2202
0 182 0 9528 236 2067 1998 2047 2030
0 182 0 9528 237 2059 2258 2046 1971
0 182 0 9528 238 1944 1950 2112 2083
0 182 0 9528 239 2028 2070 1988 1992
0 182 0 9544 240 2085 2061 1965 2023
0 182 0 9544 241 2085 2043 2096 2104
0 182 0 9544 242 2060 1943 2090 2114
0 182 0 9544 243 2023 2049 2013 1953
0 182 0 9544 244 1973 2158 2035 2045
0 182 0 9544 245 2019 2047 2055 2030
0 182 0 9544 246 2157 1925 2157 2053
0 182 0 9544 247 2052 2045 1821 2047
0 182 0 9544 248 1977 2159 2072 2068
0 182 0 9544 249 2010 2034 2184 2087
0 182 0 9544 250 2101 1975 2038 1954
0 182 0 9544 251 2043 2044 1989 2030
0 182 0 9544 252 2039 2086 2007 2155
0 182 0 9544 253 1997 1938 2116 1906
0 182 0 9544 254 2124 2192 2009 2057
0 182 0 9544 255 1984 1969 2011 2152
1 169 0 32008 0 2075 2103 1960 1920
1 169 0 32008 1 1987 2091 2032 2116
1 169 0 32008 2 2088 1985 1997 2106
1 169 0 32008 3 1982 2051 2075 1977
1 169 0 32008 4 2052 2079 2012 2119
1 169 0 32008 5 2159 1890 2197 2012
1 169 0 32008 6 1964 2109 1971 2034
1 169 0 32008 7 2098 2161 1941 1995
1 169 0 32008 8 1940 2012 2134 2033
1 169 0 32008 9 2059 2076 1996 2139
1 169 0 32008 10 2134 1917 1997 1959
1 169 0 32008 11 1958 1999 2236 2130
1 169 0 32008 12 2078 2216 1930 1940
1 169 0 32008 13 2122 2027 1977 2118
1 169 0 32008 14 1946 2025 2112 2006
1 169 0 32008 15 1983 1942 1992 2102
1 169 0 32024 16 2139 2084 2143 2072
1 169 0 32024 17 1989 2070 2048 1912
1 169 0 32024 18 2066 2100 1952 2092
1 169 0 32024 19 2075 2024 2049 2071
1 169 0 32024 20 2072 1979 2091 2017
1 169 0 32024 21 1948 2044 1987 2066
1 169 0 32024 22 2088 2071 2113 2052
1 169 0 32024 23 2039 2030 2028 2078
1 169 0 32024 24 1981 2135 2010 1985
1 169 0 32024 25 2092 1956 2104 1967
1 169 0 32024 26 2089 1981 1955 2117
1 169 0 32024 27 2100 2137 2067 2084
1 169 0 32024 28 1890 2005 2130 2032
1 169 0 32024 29 2031 2067 1971 2014
1 169 0 32024 30 2123 2090 2027 2031
1 169 0 32024 31 2076 1999 2121 2159
1 169 0 32040 32 2029 1990 1908 1879
1 169 0 32040 33 2023 2035 2115 2124
1 169 0 32040 34 1997 2059 2095 2055
1 169 0 32040 35 2002 2105 2036 1988
1 169 0 32040 36 2142 2060 2091 2114
1 169 0 32040 37 2099 2005 1898 1975
1 169 0 32040 38 1970 2043 2010 2133
1 169 0 32040 39 2032 2074 2223 1949
1 169 0 32040 40 2006 2004 1940 2029
1 169 0 32040 41 2108 1996 2016 2154
1 169 0 32040 42 2075 2077 2138 1978
1 169 0 32040 43 1998 2038 2075 2006
1 169 0 32040 44 2022 2148 1968 2121
1 169 0 32040 45 2098 2000 1965 2037
1 169 0 32040 46 1960 1918 2034 1945
1 169 0 32040 47 2156 2101 2140 2164
1 169 0 32056 48 1989 2081 2120 2048
1 169 0 32056 49 1977 2076 1997 1933
1 169 0 32056 50 2153 2062 1997 2075
1 169 0 32056 51 2032 1889 1978 2076
1 169 0 32056 52 1967 2154 2086 2028
1 169 0 32056 53 2045 1986 2110 2046
1 169 0 32056 54 2105 2121 2060 2053
1 169 0 32056 55 2025 2056 2006 2068
1 169 0 32056 56 2013 1946 1955 1993
1 169 0 32056 57 2097 2103 2095 2036
1 169 0 32056 58 2038 1980 2129 2140
1 169 0 32056 59 1990 2081 1960 1894
1 169 0 32056 60 2072 2034 2069 2090
1 169 0 32056 61 2025 2127 2077 2129
1 169 0 32056 62 2011 2007 2029 2028
1 169 0 32056 63 2118 1938 1958 1991
1 169 0 32072 64 2025 2090 2114 2036
1 169 0 32072 65 2115 2158 2047 2018
1 169 0 32072 66 1925 1904 1953 2116
1 169 0 32072 67 2077 2047 2138 2014
1 169 0 32072 68 2029 2113 2151 2078
1 169 0 32072 69 2025 2014 1919 2030
1 169 0 32072 70 2039 2065 1886 2066
1 169 0 32072 71 2107 2033 2202 1977
1 169 0 32072 72 2140 2001 2115 2032
1 169 0 32072 73 1954 2124 1974 2013
1 169 0 32072 74 1858 1999 2054 2196
1 169 0 32072 75 2085 2003 1984 2032
1 169 0 32072 76 2258 2086 2023 1955
1 169 0 32072 77 2003 2071 2125 2027
1 169 0 32072 78 1914 1997 2103 2096
1 169 0 32072 79 2118 2013 1954 2053
1 169 0 32088 80 2104 2130 1968 1955
1 169 0 32088 81 1911 2005 2129 2109
1 169 0 32088 82 2158 2130 2093 2120
1 169 0 32088 83 1974 1946 2078 1973
1 169 0 32088 84 2075 1957 1899 1994
1 169 0 32088 85 2005 2192 2066 2073
1 169 0 32088 86 2071 1954 2144 2084
1 169 0 32088 87 2126 2107 1911 2044
1 169 0 32088 88 1951 2144 2188 2059
1 169 0 32088 89 2017 1869 2027 1966
1 169 0 32088 90 2120 2071 1941 2030
1 169 0 32088 91 2009 2032 2062 2102
1 169 0 32088 92 1952 2088 2072 2038
1 169 0 32088 93 2177 2110 2089 2058
1 169 0 32088 94 2096 1926 1998 2049
1 169 0 32088 95 1903 2070 1987 2015
1 169 0 32104 96 2072 2085 2126 2013
1 169 0 32104 97 2007 1978 2051 2061
1 169 0 32104 98 2106 2080 1973 2050
1 169 0 32104 99 2038 2048 2109 2055
1 169 0 32104 100 2122 2026 2020 2017
1 169 0 32104 101 1969 2118 1963 2118
1 169 0 32104 102 1973 1943 2108 1993
1 169 0 32104 103 2103 2012 2031 1932
1 169 0 32104 104 2041 2137 2187 2118
1 169 0 32104 105 2088 2040 1927 2149
1 169 0 32104 106 2046 2110 1937 1956
1 169 0 32104 107 2009 1874 2143 2028
1 169 0 32104 108 2001 2088 2072 2125
1 169 0 32104 109 2030 2097 2062 1943
1 169 0 32104 110 2191 2053 1997 2050
1 169 0 32104 111 2043 2044 2000 2114
1 169 0 32120 112 1847 2014 2092 1989
1 169 0 32120 113 2128 2047 2065 2055
1 169 0 32120 114 2081 2038 2023 2021
1 169 0 32120 115 2041 2057 2024 2117
1 169 0 32120 116 2001 2049 2050 2017
1 169 0 32120 117 2106 2027 2040 2017
1 169 0 32120 118 2086 2071 2084 2065
1 169 0 32120 119 1991 2026 2064 2015
1 169 0 32120 120 1993 2013 1966 2089
1 169 0 32120 121 1993 2082 2067 2057
1 169 0 32120 122 2122 2040 2044 2009
1 169 0 32120 123 2045 2036 2097 1997
1 169 0 32120 124 2134 1999 1964 2077
1 169 0 32120 125 2019 2087 2078 2129
1 169 0 32120 126 1902 2086 2050 2010
1 169 0 32120 127 2098 2026 2036 2003
1 169 0 32136 128 2045 1990 2113 2044
1 169 0 32136 129 2136 2075 1926 2053
1 169 0 32136 130 1972 2041 2087 2060
1 169 0 32136 131 2056 1971 2052 2033
1 169 0 32136 132 2039 2165 1992 2008
1 169 0 32136 133 1992 2064 2113 2128
1 169 0 32136 134 2107 1950 2104 1987
1 169 0 32136 135 2071 2058 1976 2048
1 169 0 32136 136 2028 1961 1914 2056
1 169 0 32136 137 1998 2229 2112 1984
1 169 0 32136 138 2093 2002 2150 2066
1 169 0 32136 139 1956 1949 2000 2146
1 169 0 32136 140 2092 2067 2064 1953
1 169 0 32136 141 2092 2092 2005 1985
1 169 0 32136 142 2022 2057 2008 2118
1 169 0 32136 143 2013 2006 2113 2048
1 169 0 32152 144 2094 2034 1921 2044
1 169 0 32152 145 2006 2109 2086 1974
1 169 0 32152 146 2060 1965 2184 2116
1 169 0 32152 147 1996 2068 1981 2050
1 169 0 32152 148 2074 2064 2048 1981
1 169 0 32152 149 2134 2016 1946 2065
1 169 0 32152 150 1931 2055 2018 2116
1 169 0 32152 151 2031 2120 2120 1962
1 169 0 32152 152 2104 1877 2103 2043
1 169 0 32152 153 1989 2105 2040 2090
1 169 0 32152 154 2013 2123 1967 1962
1 169 0 32152 155 2195 1989 2042 2127
1 169 0 32152 156 2030 2066 2026 2031
1 169 0 32152 157 1989 1991 2081 2095
1 169 0 32152 158 1979 2082 2053 2006
1 169 0 32152 159 2030 2022 2043 1921
1 169 0 32168 160 2104 2032 2071 2110
1 169 0 32168 161 2099 2188 1990 2110
1 169 0 32168 162 2014 1862 2001 2024
1 169 0 32168 163 2028 2050 2052 2039
1 169 0 32168 164 2010 2111 2128 1994
1 169 0 32168 165 2093 2061 1989 2126
1 169 0 32168 166 2074 2045 2092 1913
1 169 0 32168 167 1950 1968 1987 2174
1 169 0 32168 168 2094 2106 2080 2003
1 169 0 32168 169 1979 2087 2004 2020
1 169 0 32168 170 2139 1965 1995 2075
1 169 0 32168 171 2096 2011 2145 2018
1 169 0 32168 172 1944 2068 2033 2056
1 169 0 32168 173 2005 2114 1961 2015
1 169 0 32168 174 2033 2042 2084 2077
1 169 0 32168 175 2116 1965 2126 2075
1 169 0 32184 176 2144 2099 1921 1985
1 169 0 32184 177 1929 2012 2094 2092
1 169 0 32184 178 1978 2038 2054 2039
1 169 0 32184 179 2099 2081 2014 1997
1 169 0 32184 180 2104 1994 2039 2074
1 169 0 32184 181 2053 2037 2043 2041
1 169 0 32184 182 1899 2133 2151 2068
1 169 0 32184 183 2082 2013 1968 2010
1 169 0 32184 184 2102 2068 2027 2033
1 169 0 32184 185 2093 1915 2053 2061
1 169 0 32184 186 1980 2092 1998 2018
1 169 0 32184 187 2068 2117 2115 2141
1 169 0 32184 188 2045 2017 2046 2023
1 169 0 32184 189 1953 2096 2002 1988
1 169 0 32184 190 2038 1874 2098 1974
1 169 0 32184 191 2165 2168 2031 2177
1 169 0 32200 192 2083 2063 1962 2028
1 169 0 32200 193 1954 2025 2076 2007
1 169 0 32200 194 1991 2065 2064 2044
1 169 0 32200 195 2056 1980 2110 2037
1 169 0 32200 196 2111 1964 1978 2185
1 169 0 32200 197 2036 2177 2047 1823
1 169 0 32200 198 2033 2094 2076 2180
1 169 0 32200 199 2050 1956 2004 1967
1 169 0 32200 200 1987 2041 1955 2084
1 169 0 32200 201 2091 2041 2155 2085
1 169 0 32200 202 2026 2023 2101 1921
1 169 0 32200 203 2020 2135 2008 2206
1 169 0 32200 204 2162 1958 1995 1989
1 169 0 32200 205 1928 2003 2047 2005
1 169 0 32200 206 2057 2153 1995 2032
1 169 0 32200 207 2026 2033 2079 2018
1 169 0 32216 208 2103 2010 2117 2128
1 169 0 32216 209 2098 1983 2039 2015
1 169 0 32216 210 1886 2071 2007 2051
1 169 0 32216 211 2144 2102 2029 2012
1 169 0 32216 212 2036 2042 2052 2088
1 169 0 32216 213 2060 2035 2053 1981
1 169 0 32216 214 2004 2029 1955 2097
1 169 0 32216 215 1984 1986 2083 2027
1 169 0 32216 216 2166 2060 2202 2006
1 169 0 32216 217 1982 2050 1970 2036
1 169 0 32216 218 2125 2083 1984 2108
1 169 0 32216 219 2038 2159 1964 2055
1 169 0 32216 220 1885 1864 2060 2018
1 169 0 32216 221 2073 2046 2177 2019
1 169 0 32216 222 2151 2041 1997 2006
1 169 0 32216 223 2097 2132 2045 2150
1 169 0 32232 224 1931 2080 2029 2033
1 169 0 32232 225 2012 1964 1959 1996
1 169 0 32232 226 2116 2015 2171 1980
1 169 0 32232 227 2024 2047 2029 2093
1 169 0 32232 228 2045 2095 1954 2087
1 169 0 32232 229 1996 2081 2012 2029
1 169 0 32232 230 2064 1986 2193 2045
1 169 0 32232 231 2109 2020 2054 2006
1 169 0 32232 232 2013 2012 1894 2051
1 169 0 32232 233 1968 2160 2097 2066
1 169 0 32232 234 2078 1968 2070 2086
1 169 0 32232 235 2062 2050 2065 1930
1 169 0 32232 236 2073 2053 2024 2092
1 169 0 32232 237 2052 2058 1984 2068
1 169 0 32232 238 2014 2094 2021 2060
1 169 0 32232 239 1995 1921 2146 2031
1 169 0 32248 240 2042 2124 2093 2025
1 169 0 32248 241 2114 1990 1938 2019
1 169 0 32248 242 2101 2055 1988 2086
1 169 0 32248 243 1876 2133 2063 2050
1 169 0 32248 244 2073 1937 2133 2057
1 169 0 32248 245 2162 2006 2012 2057
1 169 0 32248 246 1957 2205 2044 1888
1 169 0 32248 247 2060 1998 2086 2189
1 169 0 32248 248 2037 1974 1961 1982
1 169 0 32248 249 2066 2026 1982 2129
1 169 0 32248 250 2022 2107 2138 2058
1 169 0 32248 251 2003 2076 2076 1834
1 169 0 32248 252 2142 1956 1943 2197
1 169 0 32248 253 2041 2124 2117 2046
1 169 0 32248 254 1931 1978 2098 2047
1 169 0 32248 255 2069 2063 2036 2031
2 887 0 54040 0 2100 2100 2085 2103
2 887 0 54040 1 1959 2051 2086 2079
2 887 0 54040 2 2032 2043 1976 1939
2 887 0 54040 3 2119 2037 2010 2120
2 887 0 54040 4 2094 2006 2097 1985
2 887 0 54040 5 1964 2069 2026 2099
2 887 0 54040 6 1948 2032 2138 2047
2 887 0 54040 7 2129 1980 1907 2120
2 887 0 54040 8 2103 2087 2076 1910
2 887 0 54040 9 2030 2168 2067 1988
2 887 0 54040 10 2028 2022 2086 2162
2 887 0 54040 11 2021 1928 2026 1993
2 887 0 54040 12 2032 2033 2036 2133
2 887 0 54040 13 1968 2039 1978 2006
2 887 0 54040 14 2119 2111 2110 2009
2 887 0 54040 15 2189 1977 2052 1997
2 887 0 54056 16 1886 2138 2040 2057
2 887 0 54056 17 2042 2131 1980 2124
2 887 0 54056 18 2030 1818 2139 1986
2 887 0 54056 19 2098 2091 2027 2083
2 887 0 54056 20 2021 2093 1952 1989
2 887 0 54056 21 2040 1987 2115 2066
2 887 0 54056 22 2089 2176 2046 2088
2 887 0 54056 23 1987 2008 1996 2008
2 887 0 54056 24 2054 1859 2142 1982
2 887 0 54056 25 2094 2184 2007 2134
2 887 0 54056 26 1998 2112 1925 2045
2 887 0 54056 27 2043 1983 2073 1964
2 887 0 54056 28 2016 1984 2102 2085
2 887 0 54056 29 2083 2073 2068 2042
2 887 0 54056 30 2100 2078 2055 2056
2 887 0 54056 31 1981 2038 2004 2023
2 887 0 54072 32 2063 2090 1945 2095
2 887 0 54072 33 2023 1912 2190 1995
2 887 0 54072 34 2045 2072 1994 1997
2 887 0 54072 35 2035 2156 2042 2168
2 887 0 54072 36 2059 2030 2072 2058
2 887 0 54072 37 1997 2001 1944 1893
2 887 0 54072 38 2144 1984 2116 2132
2 887 0 54072 39 2013 2034 2089 2028
2 887 0 54072 40 1968 2136 2005 2043
2 887 0 54072 41 2024 2051 1998 2086
2 887 0 54072 42 2085 2059 2086 2003
2 887 0 54072 43 2113 1952 2075 2073
2 887 0 54072 44 2052 2046 1939 2074
2 887 0 54072 45 2047 2064 2094 1934
2 887 0 54072 46 1930 2053 2125 2065
2 887 0 54072 47 2031 2066 2016 2043
2 887 0 54088 48 2064 2004 1916 2146
2 887 0 54088 49 2107 2120 2203 2064
2 887 0 54088 50 2097 2020 2012 1881
2 887 0 54088 51 1952 2004 1919 2118
2 887 0 54088 52 2120 1980 2061 2009
2 887 0 54088 53 1955 2120 2101 2117
2 887 0 54088 54 2047 2075 2183 2082
2 887 0 54088 55 2021 2022 1881 1950
2 887 0 54088 56 2138 2091 2063 2016
2 887 0 54088 57 1997 2016 2065 2049
2 887 0 54088 58 2063 1947 1958 2140
2 887 0 54088 59 2078 2047 2122 2021
2 887 0 54088 60 1948 2178 2055 2091
2 887 0 54088 61 2108 2067 2048 1978
2 887 0 54088 62 1983 1868 2032 1884
2 887 0 54088 63 2098 2158 1992 2171
2 887 0 54104 64 2116 2011 2156 2218
2 887 0 54104 65 1946 1975 1923 1959
2 887 0 54104 66 2044 2180 2045 1913
2 887 0 54104 67 2090 1976 2144 2047
2 887 0 54104 68 2013 2065 2039 2107
2 887 0 54104 69 2049 1990 1984 2001
2 887 0 54104 70 2059 2111 1976 2095
2 887 0 54104 71 2064 1973 2122 2097
2 887 0 54104 72 1932 2052 2210 1980
2 887 0 54104 73 2223 2130 1900 2057
2 887 0 54104 74 2004 1967 1866 1981
2 887 0 54104 75 2003 2016 2149 2084
2 887 0 54104 76 1920 2086 2155 1973
2 887 0 54104 77 2136 2084 2050 2254
2 887 0 54104 78 2138 2050 2026 1955
2 887 0 54104 79 1986 2007 1919 1928
2 887 0 54120 80 1986 1990 2140 2111
2 887 0 54120 81 2064 2061 1971 2051
2 887 0 54120 82 2112 2082 2111 1998
2 887 0 54120 83 1984 2042 2057 2092
2 887 0 54120 84 2092 2046 1985 2142
2 887 0 54120 85 1993 2063 2117 1935
2 887 0 54120 86 2036 2023 1999 2051
2 887 0 54120 87 2026 1979 2020 1941
2 887 0 54120 88 2082 2121 2037 2166
2 887 0 54120 89 2061 2072 2043 2156
2 887 0 54120 90 2039 1958 2119 1854
2 887 0 54120 91 2042 2074 2010 2067
2 887 0 54120 92 2020 2042 2085 2065
2 887 0 54120 93 2018 2075 1940 2114
2 887 0 54120 94 2088 2069 2007 2040
2 887 0 54120 95 1986 1984 2163 1939
2 887 0 54136 96 2107 2053 2073 2094
2 887 0 54136 97 2048 1995 1959 2018
2 887 0 54136 98 2019 2092 2001 2077
2 887 0 54136 99 2060 2078 2168 2079
2 887 0 54136 100 1982 2025 1969 2002
2 887 0 54136 101 2074 2045 2040 2095
2 887 0 54136 102 2067 1987 2007 1924
2 887 0 54136 103 1965 2091 2150 2099
2 887 0 54136 104 2164 2061 1988 2029
2 887 0 54136 105 2045 2012 2013 2112
2 887 0 54136 106 1988 2005 2091 2100
2 887 0 54136 107 2004 2086 2027 1913
2 887 0 54136 108 2056 2044 2020 2009
2 887 0 54136 109 2055 2055 2048 2148
2 887 0 54136 110 2026 2033 2080 2051
2 887 0 54136 111 2182 2009 1947 1995
2 887 0 54152 112 1964 2113 2137 2094
2 887 0 54152 113 1952 2064 2057 1988
2 887 0 54152 114 2077 1915 1960 2029
2 887 0 54152 115 2094 2027 2108 2079
2 887 0 54152 116 2048 2132 2095 2051
2 887 0 54152 117 2017 2131 1901 2060
2 887 0 54152 118 2042 2039 2133 2025
2 887 0 54152 119 2011 1911 2042 2057
2 887 0 54152 120 2060 1987 1954 2008
2 887 0 54152 121 2112 2142 2148 2144
2 887 0 54152 122 2072 2109 1993 1892
2 887 0 54152 123 1928 2059 2071 2105
2 887 0 54152 124 2044 1969 2087 2028
2 887 0 54152 125 2008 1940 1962 2085
2 887 0 54152 126 2160 2139 2105 2072
2 887 0 54152 127 2091 2177 1942 1971
2 887 0 54168 128 1930 1890 2118 2069
2 887 0 54168 129 2105 2041 2104 1997
2 887 0 54168 130 1999 2121 2009 2103
2 887 0 54168 131 2001 2019 1984 2091
2 887 0 54168 132 2013 2035 2079 1939
2 887 0 54168 133 2158 2057 2045 1996
2 887 0 54168 134 2170 2018 2008 2206
2 887 0 54168 135 1848 2045 2117 2032
2 887 0 54168 136 2050 2104 2063 1848
2 887 0 54168 137 2047 1990 1963 2215
2 887 0 54168 138 2072 2025 1992 2043
2 887 0 54168 139 1997 2079 2119 1985
2 887 0 54168 140 2087 2038 2052 2038
2 887 0 54168 141 2094 2045 2127 2054
2 887 0 54168 142 1939 2037 1952 2024
2 887 0 54168 143 2184 2049 1995 2056
2 887 0 54184 144 1994 1999 2105 2171
2 887 0 54184 145 1906 2078 1997 1868
2 887 0 54184 146 2145 2035 2139 2084
2 887 0 54184 147 2059 2065 2025 2068
2 887 0 54184 148 2019 2044 1882 2048
2 887 0 54184 149 2113 2032 2182 2025
2 887 0 54184 150 1949 2058 2076 2065
2 887 0 54184 151 2023 1955 2014 2055
2 887 0 54184 152 2154 2122 2044 1984
2 887 0 54184 153 2006 2022 2023 2119
2 887 0 54184 154 2048 2121 2010 1959
2 887 0 54184 155 1994 1978 2050 2124
2 887 0 54184 156 2060 1983 2112 2046
2 887 0 54184 157 2062 2179 2005 1956
2 887 0 54184 158 2037 1947 2055 2151
2 887 0 54184 159 2041 2024 2082 2016
2 887 0 54200 160 2005 2079 1938 1998
2 887 0 54200 161 2072 2128 2193 2003
2 887 0 54200 162 2125 1988 2015 2133
2 887 0 54200 163 1974 2027 1893 2029
2 887 0 54200 164 2021 1966 2069 1953
2 887 0 54200 165 2032 2068 2106 2143
2 887 0 54200 166 2084 2142 2084 2128
2 887 0 54200 167 2132 1966 2060 1935
2 887 0 54200 168 1987 2131 2054 1990
2 887 0 54200 169 1906 1999 1989 2079
2 887 0 54200 170 2100 1963 1880 2054
2 887 0 54200 171 2115 2105 2157 2080
2 887 0 54200 172 2034 2010 2155 1977
2 887 0 54200 173 2077 2118 2028 2129
2 887 0 54200 174 2057 2036 2036 2080
2 887 0 54200 175 1921 2018 1940 1885
2 887 0 54216 176 2012 2030 2066 2113
2 887 0 54216 177 2177 2018 2125 2076
2 887 0 54216 178 2032 2101 2025 1971
2 887 0 54216 179 2045 1962 2011 2129
2 887 0 54216 180 2055 2142 2024 1995
2 887 0 54216 181 1913 2027 2102 2111
2 887 0 54216 182 2071 2014 2091 1944
2 887 0 54216 183 2134 2005 1941 2043
2 887 0 54216 184 2084 2122 1970 2112
2 887 0 54216 185 2016 2001 2171 2035
2 887 0 54216 186 1924 2033 2088 2071
2 887 0 54216 187 2054 2095 2002 1944
2 887 0 54216 188 2098 1929 1951 2105
2 887 0 54216 189 2147 2124 2108 2010
2 887 0 54216 190 1960 2051 2090 2097
2 887 0 54216 191 2009 2012 1959 2065
2 887 0 54232 192 2040 2086 2068 2009
2 887 0 54232 193 2067 2019 2113 1926
2 887 0 54232 194 2061 2015 1987 2170
2 887 0 54232 195 2057 2011 2031 2087
2 887 0 54232 196 2071 2110 2078 1962
2 887 0 54232 197 1941 2107 2002 2050
2 887 0 54232 198 2054 2017 2076 2070
2 887 0 54232 199 2087 1950 2075 2005
2 887 0 54232 200 2010 2068 2002 2070
2 887 0 54232 201 2180 2005 2092 2004
2 887 0 54232 202 1903 2168 1993 2086
2 887 0 54232 203 2039 2048 2002 2091
2 887 0 54232 204 2098 1926 2072 1964
2 887 0 54232 205 2075 2053 2090 2047
2 887 0 54232 206 2020 2079 2028 2027
2 887 0 54232 207 1979 2113 2065 2111
2 887 0 54248 208 2057 1955 1994 2074
2 887 0 54248 209 2087 2049 2077 1922
2 887 0 54248 210 2114 2050 2027 2106
2 887 0 54248 211 1909 2017 1989 2023
2 887 0 54248 212 2087 2116 2098 2089
2 887 0 54248 213 2047 2030 2108 2042
2 887 0 54248 214 2106 2036 1963 1992
2 887 0 54248 215 2017 1968 2084 2031
2 887 0 54248 216 1987 2160 2020 2077
2 887 0 54248 217 2040 1921 1997 2075
2 887 0 54248 218 2070 2126 2128 2047
2 887 0 54248 219 2088 2074 2023 2012
2 887 0 54248 220 1971 1958 2043 1956
2 887 0 54248 221 2135 2088 2030 2142
2 887 0 54248 222 2019 1984 1996 2032
2 887 0 54248 223 1969 2143 2086 2041
2 887 0 54264 224 2143 2011 2085 2074
2 887 0 54264 225 1999 1970 2020 1979
2 887 0 54264 226 1976 2088 2035 2062
2 887 0 54264 227 2092 2046 2019 2045
2 887 0 54264 228 2127 2126 2045 2093
2 887 0 54264 229 1971 1953 2032 1985
2 887 0 54264 230 2020 2013 2093 2042
2 887 0 54264 231 2076 2140 2048 2109
2 887 0 54264 232 2035 1953 1994 1960
2 887 0 54264 233 2117 2073 2072 2080
2 887 0 54264 234 1933 2108 2046 2026
2 887 0 54264 235 2089 1978 1997 2092
2 887 0 54264 236 2045 2032 2087 2003
2 887 0 54264 237 1961 2140 2047 2050
2 887 0 54264 238 2149 1943 2032 2054
2 887 0 54264 239 2049 2057 2080 2040
2 887 0 54280 240 1939 2079 2017 2049
2 887 0 54280 241 2164 2012 2054 2009
2 887 0 54280 242 1975 2063 2001 2032
2 887 0 54280 243 2019 2056 2053 2043
2 887 0 54280 244 2126 1942 2084 2060
2 887 0 54280 245 1977 2139 2126 2115
2 887 0 54280 246 2007 2031 1924 2062
2 887 0 54280 247 2138 2076 1974 2001
2 887 0 54280 248 2039 2071 2134 1850
2 887 0 54280 249 2013 1896 2062 2169
2 887 0 54280 250 2042 2096 2092 2130
2 887 0 54280 251 2037 2159 1972 2004
2 887 0 54280 252 2046 1931 1989 2029
2 887 0 54280 253 2019 2052 2113 2071
2 887 0 54280 254 2077 2070 2030 2008
2 887 0 54280 255 2023 2083 2077 1980
3 49 0 76840 0 1987 1976 2072 2092
3 49 0 76840 1 2015 2096 2095 2039
3 49 0 76840 2 2065 2022 1917 2104
3 49 0 76840 3 2019 2092 2109 2002
3 49 0 76840 4 2070 2021 2111 2040
3 49 0 76840 5 1990 1988 1990 2030
3 49 0 76840 6 2164 2062 2036 2018
3 49 0 76840 7 2043 2053 1980 2037
3 49 0 76840 8 1879 2047 2087 2126
3 49 0 76840 9 2102 2078 2116 2098
3 49 0 76840 10 2105 2026 1975 1845
3 49 0 76840 11 2068 2044 2050 2134
3 49 0 76840 12 2028 1978 2075 2067
3 49 0 76840 13 2005 2043 1976 2017
3 49 0 76840 14 2030 2124 2066 2067
3 49 0 76840 15 2049 2096 2070 2017
3 49 0 76856 16 2081 2000 1979 2089
3 49 0 76856 17 2025 1902 2090 1981
3 49 0 76856 18 2105 2107 2039 2046
3 49 0 76856 19 2025 2098 2035 2071
3 49 0 76856 20 2023 2076 2115 2043
3 49 0 76856 21 1918 2095 1996 2045
3 49 0 76856 22 2100 1871 1975 2046
3 49 0 76856 23 2206 2086 2065 2045
3 49 0 76856 24 1947 2084 2067 2068
3 49 0 76856 25 2010 1962 2119 2009
3 49 0 76856 26 2105 2115 2017 1971
3 49 0 76856 27 1922 2055 1920 2113
3 49 0 76856 28 2100 2053 2108 2079
3 49 0 76856 29 2118 2006 2071 2010
3 49 0 76856 30 2000 2072 2053 1986
3 49 0 76856 31 2031 1981 2023 2174
3 49 0 76872 32 1966 2056 2045 1982
3 49 0 76872 33 2122 2077 2045 1979
3 49 0 76872 34 2081 2075 2010 2091
3 49 0 76872 35 2078 1991 2027 2037
3 49 0 76872 36 1942 2081 2099 2071
3 49 0 76872 37 1993 2003 2110 2023
3 49 0 76872 38 2168 2019 1938 2065
3 49 0 76872 39 1959 2112 2019 2047
3 49 0 76872 40 2061 2075 2140 1956
3 49 0 76872 41 2109 2004 2038 2097
3 49 0 76872 42 2012 2001 1942 2084
3 49 0 76872 43 2049 2117 2112 2076
3 49 0 76872 44 1974 2010 2047 1975
3 49 0 76872 45 2008 2006 1970 2009
3 49 0 76872 46 2142 2045 2218 2134
3 49 0 76872 47 2111 2114 1974 1982
3 49 0 76888 48 1959 2053 2005 2008
3 49 0 76888 49 2040 1994 1994 2093
3 49 0 76888 50 2035 2021 1971 2133
3 49 0 76888 51 1975 2098 2223 1967
3 49 0 76888 52 2141 2005 2097 1967
3 49 0 76888 53 2105 1998 1885 2195
3 49 0 76888 54 1983 2073 2094 1929
3 49 0 76888 55 1951 2100 2080 1999
3 49 0 76888 56 2107 2032 1968 2159
3 49 0 76888 57 2071 2020 2017 2016
3 49 0 76888 58 1985 2084 2115 2085
3 49 0 76888 59 2130 1988 2056 2015
3 49 0 76888 60 1983 2050 2051 1879
3 49 0 76888 61 2039 2070 1999 2226
3 49 0 76888 62 2074 1972 1980 2077
3 49 0 76888 63 2055 2047 2132 1927
3 49 0 76904 64 2030 2234 2038 2103
3 49 0 76904 65 1967 2036 2041 2001
3 49 0 76904 66 2113 1796 2040 2018
3 49 0 76904 67 2057 2043 1933 2136
3 49 0 76904 68 2042 2220 2145 2027
3 49 0 76904 69 2041 2033 2062 2017
3 49 0 76904 70 2001 2004 2123 2039
3 49 0 76904 71 2006 2046 1950 2034
3 49 0 76904 72 2167 1953 1847 2045
3 49 0 76904 73 2034 2154 2156 2060
3 49 0 76904 74 1953 2059 2257 2041
3 49 0 76904 75 2040 2022 1937 2042
3 49 0 76904 76 2049 1997 1919 2024
3 49 0 76904 77 2109 1969 2125 2054
3 49 0 76904 78 2068 2141 2053 2029
3 49 0 76904 79 1987 2104 2037 2042
3 49 0 76920 80 2018 1988 2018 2103
3 49 0 76920 81 2108 2051 2052 1973
3 49 0 76920 82 2003 2056 2067 2054
3 49 0 76920 83 2005 1968 2047 2070
3 49 0 76920 84 2101 2065 1978 2076
3 49 0 76920 85 1981 2081 2066 2012
3 49 0 76920 86 2126 2099 2102 1987
3 49 0 76920 87 2103 1927 2007 2076
3 49 0 76920 88 1988 2105 2047 2093
3 49 0 76920 89 1947 2067 1915 1961
3 49 0 76920 90 2141 1968 2168 2118
3 49 0 76920 91 1995 2066 2095 2016
3 49 0 76920 92 2038 2047 2052 2043
3 49 0 76920 93 2049 2006 1933 2048
3 49 0 76920 94 2094 2173 2008 1967
3 49 0 76920 95 2038 2048 2146 2153
3 49 0 76936 96 2040 1888 2019 2004
3 49 0 76936 97 2024 2061 2084 2035
3 49 0 76936 98 2000 2075 1973 2038
3 49 0 76936 99 2113 2051 2076 2047
3 49 0 76936 100 1973 2132 2055 1974
3 49 0 76936 101 2158 1975 2032 2115
3 49 0 76936 102 1998 2023 2053 2058
3 49 0 76936 103 1996 2029 1973 2093
3 49 0 76936 104 2052 2055 2101 1929
3 49 0 76936 105 2081 2034 2080 2042
3 49 0 76936 106 2067 2044 1983 2088
3 49 0 76936 107 1965 2192 2043 2065
3 49 0 76936 108 2077 1948 2091 2034
3 49 0 76936 109 2092 1966 2019 1960
3 49 0 76936 110 2011 2043 2044 2124
3 49 0 76936 111 1973 2108 2048 2124
3 49 0 76952 112 2109 2103 1982 1925
3 49 0 76952 113 2046 1982 2084 2010
3 49 0 76952 114 2046 2004 2068 2096
3 49 0 76952 115 2103 2043 2007 2068
3 49 0 76952 116 1973 2116 2145 2052
3 49 0 76952 117 1975 2030 1982 2030
3 49 0 76952 118 2099 1990 1987 1983
3 49 0 76952 119 2051 2048 2041 2098
3 49 0 76952 120 2101 2018 2067 2098
3 49 0 76952 121 2000 2134 2069 1977
3 49 0 76952 122 2015 2013 2056 2034
3 49 0 76952 123 2132 2075 2065 2062
3 49 0 76952 124 1951 1940 1924 2026
3 49 0 76952 125 2013 2066 2107 2047
3 49 0 76952 126 2089 2074 2093 2142
3 49 0 76952 127 2038 2106 1928 1956
3 49 0 76968 128 2127 1962 2107 2000
3 49 0 76968 129 1970 2016 2118 2063
3 49 0 76968 130 2059 2090 2009 2117
3 49 0 76968 131 1989 2122 1961 2028
3 49 0 76968 132 2071 1978 2111 1996
3 49 0 76968 133 2023 2025 2033 2064
3 49 0 76968 134 2108 2012 1973 2081
3 49 0 76968 135 2065 2097 2100 2005
3 49 0 76968 136 1941 2046 2101 1999
3 49 0 76968 137 2086 1966 2047 2114
3 49 0 76968 138 1988 2188 1961 2021
3 49 0 76968 139 2093 1993 2072 2073
3 49 0 76968 140 2013 2055 2078 1977
3 49 0 76968 141 2155 1949 1907 2090
3 49 0 76968 142 2018 2089 2174 2115
3 49 0 76968 143 1959 2051 2071 1982
3 49 0 76984 144 2067 2113 2013 1939
3 49 0 76984 145 1954 2028 1930 2085
3 49 0 76984 146 2118 1903 2182 2092
3 49 0 76984 147 2192 2149 2040 2079
3 49 0 76984 148 1953 2080 2028 2031
3 49 0 76984 149 1972 1973 1970 2002
3 49 0 76984 150 2043 2050 1968 2051
3 49 0 76984 151 2041 2097 2264 2024
3 49 0 76984 152 2143 2032 2043 2046
3 49 0 76984 153 2023 2016 1926 2089
3 49 0 76984 154 1992 2008 1975 2050
3 49 0 76984 155 2073 2130 2138 2043
3 49 0 76984 156 2027 1983 2055 1994
3 49 0 76984 157 2029 2017 2049 2056
3 49 0 76984 158 2041 2183 1987 2073
3 49 0 76984 159 2107 1911 2046 2030
3 49 0 77000 160 2031 2044 2123 2010
3 49 0 77000 161 1994 2063 1987 2107
3 49 0 77000 162 2042 2072 2052 2020
3 49 0 77000 163 2081 2076 2002 2062
3 49 0 77000 164 2026 2001 2099 2007
3 49 0 77000 165 2007 1995 2025 1962
3 49 0 77000 166 2046 2129 1997 2204
3 49 0 77000 167 2148 2024 2133 1966
3 49 0 77000 168 2001 2018 2034 2073
3 49 0 77000 169 2015 2086 2003 2035
3 49 0 77000 170 2048 2014 2096 2025
3 49 0 77000 171 2042 1988 1925 2044
3 49 0 77000 172 2009 2150 2064 2067
3 49 0 77000 173 2001 1969 2158 1963
3 49 0 77000 174 2217 2115 2004 2099
3 49 0 77000 175 1962 2035 2032 2135
3 49 0 77016 176 2016 1983 1971 1934
3 49 0 77016 177 2075 2019 2099 2082
3 49 0 77016 178 1940 2052 2104 2047
3 49 0 77016 179 2148 2138 1905 2056
3 49 0 77016 180 2062 2074 2162 1958
3 49 0 77016 181 1996 1965 2006 2088
3 49 0 77016 182 2010 2011 2092 2164
3 49 0 77016 183 2113 2056 2009 1973
3 49 0 77016 184 2031 2004 1979 1956
3 49 0 77016 185 2006 2222 2095 2121
3 49 0 77016 186 2103 1975 2057 2036
3 49 0 77016 187 2004 1883 2068 2034
3 49 0 77016 188 1997 2175 1984 2058
3 49 0 77016 189 2061 2071 2072 2034
3 49 0 77016 190 2121 2013 2059 2063
3 49 0 77016 191 1996 1995 2010 2013
3 49 0 77032 192 2080 2059 2025 2069
3 49 0 77032 193 2023 2090 2134 2024
3 49 0 77032 194 1970 2000 2018 2014
3 49 0 77032 195 2078 2037 1976 2066
3 49 0 77032 196 2098 2124 2056 2145
3 49 0 77032 197 2057 1956 2100 1902
3 49 0 77032 198 1960 2042 2007 2051
3 49 0 77032 199 2076 2075 2017 2161
3 49 0 77032 200 2038 2028 2140 1993
3 49 0 77032 201 2150 2092 1971 1973
3 49 0 77032 202 1886 2010 1959 2065
3 49 0 77032 203 2087 2017 2146 2082
3 49 0 77032 204 2030 2041 2103 2029
3 49 0 77032 205 2105 2057 2047 2077
3 49 0 77032 206 2091 2066 1956 2064
3 49 0 77032 207 1941 2107 1896 1974
3 49 0 77048 208 2072 1966 2201 2044
3 49 0 77048 209 2020 1955 2127 2077
3 49 0 77048 210 2045 2116 1977 1977
3 49 0 77048 211 2092 2090 2048 2104
3 49 0 77048 212 2021 2114 2009 2101
3 49 0 77048 213 2030 1994 2020 2003
3 49 0 77048 214 2043 1910 2044 1956
3 49 0 77048 215 2054 2018 2129 2121
3 49 0 77048 216 2038 2191 1979 2031
3 49 0 77048 217 2067 2087 1993 2092
3 49 0 77048 218 2095 1993 2119 1979
3 49 0 77048 219 1962 2040 2096 2006
3 49 0 77048 220 1951 1966 1962 2111
3 49 0 77048 221 2079 2000 2018 2042
3 49 0 77048 222 2249 2189 2050 2055
3 49 0 77048 223 1886 2018 2127 2006
3 49 0 77064 224 2038 2002 2067 2023
3 49 0 77064 225 2129 2100 1862 2098
3 49 0 77064 226 1986 1979 2047 2027
3 49 0 77064 227 2036 1989 2217 2043
3 49 0 77064 228 2031 2095 2042 2053
3 49 0 77064 229 2077 2052 1986 1988
3 49 0 77064 230 2040 2142 1908 2115
3 49 0 77064 231 2011 2005 2123 1998
3 49 0 77064 232 2117 1945 2079 2087
3 49 0 77064 233 2003 1935 2033 2013
3 49 0 77064 234 1957 2241 2119 1967
3 49 0 77064 235 2095 2072 1979 2158
3 49 0 77064 236 2154 1965 2011 2007
3 49 0 77064 237 1970 1978 1963 2039
3 49 0 77064 238 1997 2089 2131 2110
3 49 0 77064 239 2094 2175 2113 1971
3 49 0 77080 240 1999 2030 2050 1943
3 49 0 77080 241 2085 1859 1937 2172
3 49 0 77080 242 1972 2050 1997 2161
3 49 0 77080 243 2082 2200 2166 1888
3 49 0 77080 244 2085 1962 2066 2051
3 49 0 77080 245 2061 2064 1938 2038
3 49 0 77080 246 2018 2054 2092 2048
3 49 0 77080 247 2012 2049 2040 2056
3 49 0 77080 248 2089 2009 2052 2040
3 49 0 77080 249 1980 2063 1979 2123
3 49 0 77080 250 2019 2031 2091 1902
3 49 0 77080 251 2056 2020 2111 2145
3 49 0 77080 252 2190 2134 2020 1996
3 49 0 77080 253 2052 2004 1999 2102
3 49 0 77080 254 1845 1971 2006 2003
3 49 0 77080 255 2069 2112 2091 2033
4 98 1 100376 0 1990 1941 2070 2110
4 98 1 100376 1 1968 2056 2055 2082
4 98 1 100376 2 2094 2121 2028 2034
4 98 1 100376 3 2094 2030 2091 1932
4 98 1 100376 4 2049 2027 1987 2031
4 98 1 100376 5 1988 2029 2085 2194
4 98 1 100376 6 1988 2118 2005 2000
4 98 1 100376 7 2147 1934 1994 1971
4 98 1 100376 8 2071 1998 2183 2086
4 98 1 100376 9 1995 2131 1978 1980
4 98 1 100376 10 2014 2124 2043 2175
4 98 1 100376 11 2042 2017 2088 2007
4 98 1 100376 12 2007 1960 1976 2000
4 98 1 100376 13 2118 2013 2049 2030
4 98 1 100376 14 2109 2113 2106 2072
4 98 1 100376 15 2003 2056 2006 2085
4 98 1 100392 16 1956 2035 2028 2004
4 98 1 100392 17 2073 2061 1985 2003
4 98 1 100392 18 2040 1916 2167 2125
4 98 1 100392 19 2019 2132 2012 2003
4 98 1 100392 20 2178 2107 1929 1953
4 98 1 100392 21 1982 2005 2177 2173
4 98 1 100392 22 1995 1992 2099 2065
4 98 1 100392 23 2095 2057 1923 1896
4 98 1 100392 24 2001 2129 1955 2100
4 98 1 100392 25 2046 1931 2172 2074
4 98 1 100392 26 2056 2079 2097 2066
4 98 1 100392 27 2060 2038 1924 2011
4 98 1 100392 28 2058 2087 2062 2031
4 98 1 100392 29 2006 2039 2097 2033
4 98 1 100392 30 2044 2017 2083 2065
4 98 1 100392 31 2090 2024 1938 2026
4 98 1 100408 32 1966 2050 2012 2087
4 98 1 100408 33 2082 2096 2112 2028
4 98 1 100408 34 2040 2009 2062 2053
4 98 1 100408 35 2020 2056 2054 2058
4 98 1 100408 36 2184 2028 1949 2019
4 98 1 100408 37 1948 2023 2120 2027
4 98 1 100408 38 1954 2037 2069 2094
4 98 1 100408 39 2033 2106 2003 1953
4 98 1 100408 40 2205 2006 2002 2156
4 98 1 100408 41 2073 2043 2049 2019
4 98 1 100408 42 1983 2050 2099 2017
4 98 1 100408 43 1948 2017 1995 2033
4 98 1 100408 44 2017 2082 2084 2035
4 98 1 100408 45 2158 2094 2078 2104
4 98 1 100408 46 2043 1946 2055 2043
4 98 1 100408 47 2072 2053 1948 1998
4 98 1 100424 48 1984 2072 2009 1999
4 98 1 100424 49 2027 2011 2085 2116
4 98 1 100424 50 2097 2135 2078 2042
4 98 1 100424 51 2011 1902 2065 2065
4 98 1 100424 52 1985 2098 2020 2009
4 98 1 100424 53 2199 2174 2066 1992
4 98 1 100424 54 1984 1962 1974 2063
4 98 1 100424 55 1976 2008 2088 2051
4 98 1 100424 56 2060 2011 2060 2112
4 98 1 100424 57 2014 1997 1942 1976
4 98 1 100424 58 2150 2217 2128 2147
4 98 1 100424 59 2020 2008 2040 1929
4 98 1 100424 60 1979 2010 2100 2003
4 98 1 100424 61 2115 1956 2046 2009
4 98 1 100424 62 2030 2127 1916 2240
4 98 1 100424 63 1993 2136 2021 2149
4 98 1 100440 64 1983 1908 2139 1779
4 98 1 100440 65 2213 2050 2079 1958
4 98 1 100440 66 2072 2098 2011 2176
4 98 1 100440 67 1913 2013 2054 2078
4 98 1 100440 68 1981 1984 2006 2067
4 98 1 100440 69 2074 2157 2026 2077
4 98 1 100440 70 2234 1961 2041 2002
4 98 1 100440 71 1961 2052 2103 1959
4 98 1 100440 72 1981 2137 1950 2055
4 98 1 100440 73 2038 2105 2136 2045
4 98 1 100440 74 2024 1810 2014 2072
4 98 1 100440 75 2104 1924 2016 2117
4 98 1 100440 76 2038 2226 2031 1986
4 98 1 100440 77 2043 2236 2059 2110
4 98 1 100440 78 2080 1980 2108 1980
4 98 1 100440 79 1978 1946 2005 1976
4 98 1 100456 80 2045 2085 1953 2080
4 98 1 100456 81 2064 1968 2083 2055
4 98 1 100456 82 2031 1955 2131 2116
4 98 1 100456 83 2107 2093 2026 1965
4 98 1 100456 84 1990 2213 2057 2101
4 98 1 100456 85 2049 2082 1970 2016
4 98 1 100456 86 2053 1978 2025 1970
4 98 1 100456 87 2049 1934 2109 2079
4 98 1 100456 88 2073 1984 2008 2141
4 98 1 100456 89 1945 2088 2147 1972
4 98 1 100456 90 2113 2157 1971 2036
4 98 1 100456 91 2092 2037 1965 2087
4 98 1 100456 92 1972 2009 2135 2012
4 98 1 100456 93 2029 2075 2046 2006
4 98 1 100456 94 2002 1916 2031 2049
4 98 1 100456 95 2173 2062 2007 2131
4 98 1 100472 96 2024 2163 2074 2033
4 98 1 100472 97 1975 2018 2105 1978
4 98 1 100472 98 2054 2032 1987 2042
4 98 1 100472 99 2063 1994 1940 2040
4 98 1 100472 100 2045 2094 2230 2078
4 98 1 100472 101 2035 2022 2001 2031
4 98 1 100472 102 2005 1920 1951 2015
4 98 1 100472 103 2106 2215 2037 2075
4 98 1 100472 104 2041 1994 2064 2119
4 98 1 100472 105 2030 2056 2202 1988
4 98 1 100472 106 2025 2043 1953 1979
4 98 1 100472 107 2097 2032 1976 2008
4 98 1 100472 108 2013 2013 2051 2136
4 98 1 100472 109 2020 2038 2056 2068
4 98 1 100472 110 2043 2159 2142 2066
4 98 1 100472 111 2136 1973 1949 1971
4 98 1 100488 112 1958 2035 2013 2018
4 98 1 100488 113 2080 2023 2071 2092
4 98 1 100488 114 2039 2010 2060 2094
4 98 1 100488 115 1987 2184 2107 2022
4 98 1 100488 116 2092 2005 1989 1919
4 98 1 100488 117 2068 1897 2036 2156
4 98 1 100488 118 2084 2167 2016 2066
4 98 1 100488 119 1947 2041 2043 1959
4 98 1 100488 120 2029 2078 2066 2117
4 98 1 100488 121 2185 1931 2041 2031
4 98 1 100488 122 1943 2083 2054 2026
4 98 1 100488 123 2041 2147 2089 1993
4 98 1 100488 124 2058 1982 1953 2157
4 98 1 100488 125 2065 1961 2055 2000
4 98 1 100488 126 2062 2122 2100 1985
4 98 1 100488 127 1980 2022 1982 2066
4 98 1 100504 128 2077 2012 2077 2127
4 98 1 100504 129 2083 2100 2057 2022
4 98 1 100504 130 2052 2039 2021 1982
4 98 1 100504 131 1992 2033 2068 2069
4 98 1 100504 132 1977 2076 2069 2040
4 98 1 100504 133 2123 1955 2002 2071
4 98 1 100504 134 2049 2099 2002 2055
4 98 1 100504 135 2062 2062 2078 1985
4 98 1 100504 136 2044 2013 2010 2061
4 98 1 100504 137 2020 2037 2147 2033
4 98 1 100504 138 2039 2056 1998 2091
4 98 1 100504 139 2057 2019 1987 2029
4 98 1 100504 140 2077 2078 1994 2038
4 98 1 100504 141 1967 2038 2131 1986
4 98 1 100504 142 2028 1965 2096 2040
4 98 1 100504 143 2120 2171 1988 2171
4 98 1 100520 144 2052 2052 2007 1954
4 98 1 100520 145 2049 1953 2064 2095
4 98 1 100520 146 2026 2012 2061 1968
4 98 1 100520 147 1956 2130 1976 2077
4 98 1 100520 148 2096 1999 2093 2052
4 98 1 100520 149 2114 2084 2083 2040
4 98 1 100520 150 1982 2086 2026 2008
4 98 1 100520 151 2074 2000 2032 2123
4 98 1 100520 152 1974 1961 1999 1991
4 98 1 100520 153 2021 2018 2041 2014
4 98 1 100520 154 2112 2182 2063 2092
4 98 1 100520 155 2054 2071 2066 2038
4 98 1 100520 156 2103 1992 2050 2053
4 98 1 100520 157 1912 2027 2036 1999
4 98 1 100520 158 2053 2003 1985 2115
4 98 1 100520 159 2081 2080 2089 2039
4 98 1 100536 160 2059 2121 2058 1921
4 98 1 100536 161 2095 1937 2026 2112
4 98 1 100536 162 1970 2074 2049 2046
4 98 1 100536 163 1959 2046 1983 2102
4 98 1 100536 164 2122 2036 2096 2076
4 98 1 100536 165 2081 2123 2040 1891
4 98 1 100536 166 2087 1948 2073 2102
4 98 1 100536 167 1999 2095 2031 2089
4 98 1 100536 168 2003 2022 2038 2005
4 98 1 100536 169 2025 2037 1982 2064
4 98 1 100536 170 2043 2069 2080 2058
4 98 1 100536 171 2069 2022 2098 1957
4 98 1 100536 172 2088 2028 2026 2099
4 98 1 100536 173 2087 2071 2025 2069
4 98 1 100536 174 1950 2046 2044 2020
4 98 1 100536 175 2020 2035 2077 2053
4 98 1 100552 176 2064 2120 2038 2059
4 98 1 100552 177 2053 1916 1951 1985
4 98 1 100552 178 2156 2017 2086 2132
4 98 1 100552 179 1953 2180 2121 2009
4 98 1 100552 180 1957 1990 1961 2025
4 98 1 100552 181 2124 2050 2071 1998
4 98 1 100552 182 2088 2018 2094 2134
4 98 1 100552 183 1952 2061 1953 2040
4 98 1 100552 184 2098 1998 2045 2018
4 98 1 100552 185 2086 2088 2066 2037
4 98 1 100552 186 1948 2101 2077 1972
4 98 1 100552 187 2133 1976 2039 2125
4 98 1 100552 188 2004 1995 1978 2121
4 98 1 100552 189 1950 2055 2154 1952
4 98 1 100552 190 2174 2022 1998 2060
4 98 1 100552 191 1998 2146 1999 1995
4 98 1 100568 192 2100 2042 2101 2037
4 98 1 100568 193 2001 2026 1924 2142
4 98 1 100568 194 1969 2005 2163 2014
4 98 1 100568 195 2115 1986 2094 2040
4 98 1 100568 196 2057 2104 1954 1959
4 98 1 100568 197 1997 2017 2047 2095
4 98 1 100568 198 2094 2075 2046 2038
4 98 1 100568 199 2079 2048 2088 2051
4 98 1 100568 200 1910 2066 2007 2169
4 98 1 100568 201 2149 2029 2100 1914
4 98 1 100568 202 2017 2019 1959 1966
4 98 1 100568 203 2071 2032 2044 2119
4 98 1 100568 204 1988 2053 2069 2082
4 98 1 100568 205 2033 2067 2092 2065
4 98 1 100568 206 2105 2017 2066 1949
4 98 1 100568 207 2080 2059 1962 2098
4 98 1 100584 208 2011 2023 2012 2044
4 98 1 100584 209 2003 2101 2074 1994
4 98 1 100584 210 2017 1953 2020 2124
4 98 1 100584 211 2102 2058 2180 2011
4 98 1 100584 212 1985 2105 1980 2003
4 98 1 100584 213 2144 2036 1976 2059
4 98 1 100584 214 1999 2049 2047 2094
4 98 1 100584 215 2029 1971 2046 2018
4 98 1 100584 216 2036 2080 2090 1988
4 98 1 100584 217 2030 2021 2103 2157
4 98 1 100584 218 2101 2072 1976 1961
4 98 1 100584 219 2054 2052 2012 2041
4 98 1 100584 220 1958 2119 2075 2081
4 98 1 100584 221 2039 1913 2021 2057
4 98 1 100584 222 2167 2081 2067 2060
4 98 1 100584 223 2010 2018 2043 1969
4 98 1 100600 224 1994 2058 2056 2045
4 98 1 100600 225 2058 2147 2003 2059
4 98 1 100600 226 1970 1931 2024 2083
4 98 1 100600 227 2176 2030 2102 2019
4 98 1 100600 228 2018 2098 2021 2088
4 98 1 100600 229 2047 2015 2032 2054
4 98 1 100600 230 1947 2038 2066 1992
4 98 1 100600 231 2094 2086 2045 1962
4 98 1 100600 232 2031 2035 2076 2107
4 98 1 100600 233 2049 2037 1923 2056
4 98 1 100600 234 2172 1922 2062 2062
4 98 1 100600 235 1919 2155 2125 2117
4 98 1 100600 236 1961 2097 2031 1980
4 98 1 100600 237 2159 2000 2086 2002
4 98 1 100600 238 2067 1994 1978 2038
4 98 1 100600 239 1988 2065 2055 2013
4 98 1 100616 240 2004 2132 1990 2082
4 98 1 100616 241 2138 1944 2072 2139
4 98 1 100616 242 1956 1996 2073 2026
4 98 1 100616 243 2041 2100 2029 1976
4 98 1 100616 244 2170 2064 2076 1980
4 98 1 100616 245 2013 2083 2021 2142
4 98 1 100616 246 1995 2045 2018 1960
4 98 1 100616 247 2002 1990 2071 2191
4 98 1 100616 248 1999 2007 1997 1976
4 98 1 100616 249 2234 2046 2032 1943
4 98 1 100616 250 1941 2063 2188 2143
4 98 1 100616 251 2020 2109 1961 2051
4 98 1 100616 252 2108 2001 1977 2036
4 98 1 100616 253 1941 1973 2088 2005
4 98 1 100616 254 2159 2183 2064 2089
4 98 1 100616 255 2012 1935 1994 1994
